1  87   7
2  88   31
3  73    96
4  89  109
5  75   149
6  89   160

dff
1  86 7      17.2  1.4
2  84 59      16.8 11.8
3  74 198     14.8 39.6

not1
in   74  8    14.8 1.6
out   39   3   7.8 0.6

buf4x
1  86 15      17.2   3
2  71 106      14.2   21.2

4-mux
1 out 81 6   16.2   1.2
2 s1 85 29   17  5.8
3 3 84 105   16.8   21
4 2 68 147   13.6   29.4
5 1 84 155   16.8  31
6 0 68 199   13.6   39.8
7 s0 84 210   16.8  42

nand2x
out   76 7   15.2  1.4
a     64 16  12.8  3.2
b   80 30    16 6

and3x
out    85 18   17 3.6
a     82 56    16.4 11.2
b     68 68    13.6 13.6

and
a   67 35      13.4  7
b    85 44     17 8.8
out    84 8    17 1.6

3-and2x
a     70 19     14  3.8
b    70 46     14  9.2
c    85 56     17 11.2
out   84 7    17  1.4



